100198255	100198255	1.0
100198255	100076491	0.012836552632998736
100198255	100087810	0.02263771674173151
100198255	100029775	0.0154068531067063
100198255	10001082	0.019414676547724535
100198255	100135783	0.01788620293734883
100198255	10009860	0.016624455598822474
100198255	10011993	0.010011129726620643
100198255	100068031	0.01836516528696466
100198255	100097524	0.015292989174432085
100198255	100167622	0.01845095239062621
100198255	100112527	0.0144222313671192
100198255	100121281	0.012610228780328516
100076491	100198255	0.012836552632998736
100076491	100076491	1.0
100076491	100087810	0.013193822243028897
100076491	100029775	0.011186078653838251
100076491	10001082	0.012460630605779977
100076491	100135783	0.012029648421961546
100076491	10009860	0.011624726916989472
100076491	10011993	0.008530368949279176
100076491	100068031	0.012171323282686202
100076491	100097524	0.011131279845146525
100076491	100167622	0.012192368795080965
100076491	100112527	0.010793131789393595
100076491	100121281	0.009964833470013618
100087810	100198255	0.02263771674173151
100087810	100076491	0.013193822243028897
100087810	100087810	1.0
100087810	100029775	0.01603812027656441
100087810	10001082	0.02073249449079739
100087810	100135783	0.018898808244123846
100087810	10009860	0.017426878991831908
100087810	10011993	0.010177351497640513
100087810	100068031	0.01946712974678711
100087810	100097524	0.015877081194805243
100087810	100167622	0.019569509844360858
100087810	100112527	0.01493550926451244
100087810	100121281	0.012941757197846179
100029775	100198255	0.0154068531067063
100029775	100076491	0.011186078653838251
100029775	100087810	0.01603812027656441
100029775	100029775	1.0
100029775	10001082	0.014767598925052519
100029775	100135783	0.014063300973814497
100029775	10009860	0.013426803970041751
100029775	10011993	0.009173143150689391
100029775	100068031	0.014291633389840522
100029775	100097524	0.0126891549076008
100029775	100167622	0.014325812306587426
100029775	100112527	0.012186868095088716
100029775	100121281	0.011028808850642901
10001082	100198255	0.019414676547724535
10001082	100076491	0.012460630605779977
10001082	100087810	0.02073249449079739
10001082	100029775	0.014767598925052519
10001082	10001082	1.0
10001082	100135783	0.01690475166938623
10001082	10009860	0.015828503551575487
10001082	10011993	0.009830197612139506
10001082	100068031	0.017306943303231015
10001082	100097524	0.014641750316600035
10001082	100167622	0.017367931449769544
10001082	100112527	0.013924344775712177
10001082	100121281	0.012244071941047305
100135783	100198255	0.01788620293734883
100135783	100076491	0.012029648421961546
100135783	100087810	0.018898808244123846
100135783	100029775	0.014063300973814497
100135783	10001082	0.01690475166938623
100135783	100135783	1.0
100135783	10009860	0.01496944687120545
100135783	10011993	0.009614935833211869
100135783	100068031	0.01619986596223377
100135783	100097524	0.01396007488886151
100135783	100167622	0.016249793523652085
100135783	100112527	0.013303404829664479
100135783	100121281	0.011834529189584338
10009860	100198255	0.016624455598822474
10009860	100076491	0.011624726916989472
10009860	100087810	0.017426878991831908
10009860	100029775	0.013426803970041751
10009860	10001082	0.015828503551575487
10009860	100135783	0.01496944687120545
10009860	10009860	1.0
10009860	10011993	0.009408216103357597
10009860	100068031	0.015245989222685344
10009860	100097524	0.013332132295163177
10009860	100167622	0.01528754379478102
10009860	100112527	0.012761160051698823
10009860	100121281	0.011448441660589084
10011993	100198255	0.010011129726620643
10011993	100076491	0.008530368949279176
10011993	100087810	0.010177351497640513
10011993	100029775	0.009173143150689391
10011993	10001082	0.009830197612139506
10011993	100135783	0.009614935833211869
10011993	10009860	0.009408216103357597
10011993	10011993	1.0
10011993	100068031	0.009686635092628118
10011993	100097524	0.009141369100204976
10011993	100167622	0.00969720708563417
10011993	100112527	0.008948749222724874
10011993	100121281	0.008461409700846407
100068031	100198255	0.01836516528696466
100068031	100076491	0.012171323282686202
100068031	100087810	0.01946712974678711
100068031	100029775	0.014291633389840522
100068031	10001082	0.017306943303231015
100068031	100135783	0.01619986596223377
100068031	10009860	0.015245989222685344
100068031	10011993	0.009686635092628118
100068031	100068031	1.0
100068031	100097524	0.014194902973886078
100068031	100167622	0.016605798367932606
100068031	100112527	0.013511012635100798
100068031	100121281	0.011969316943190337
100097524	100198255	0.015292989174432085
100097524	100076491	0.011131279845146525
100097524	100087810	0.015877081194805243
100097524	100029775	0.0126891549076008
100097524	10001082	0.014641750316600035
100097524	100135783	0.01396007488886151
100097524	10009860	0.013332132295163177
100097524	10011993	0.009141369100204976
100097524	100068031	0.014194902973886078
100097524	100097524	1.0
100097524	100167622	0.014210887712346396
100097524	100112527	0.012116032562442912
100097524	100121281	0.01098029995899911
100167622	100198255	0.01845095239062621
100167622	100076491	0.012192368795080965
100167622	100087810	0.019569509844360858
100167622	100029775	0.014325812306587426
100167622	10001082	0.017367931449769544
100167622	100135783	0.016249793523652085
100167622	10009860	0.01528754379478102
100167622	10011993	0.00969720708563417
100167622	100068031	0.016605798367932606
100167622	100097524	0.014210887712346396
100167622	100167622	1.0
100167622	100112527	0.01352478475563863
100167622	100121281	0.011989326057192993
100112527	100198255	0.0144222313671192
100112527	100076491	0.010793131789393595
100112527	100087810	0.01493550926451244
100112527	100029775	0.012186868095088716
100112527	10001082	0.013924344775712177
100112527	100135783	0.013303404829664479
100112527	10009860	0.012761160051698823
100112527	10011993	0.008948749222724874
100112527	100068031	0.013511012635100798
100112527	100097524	0.012116032562442912
100112527	100167622	0.01352478475563863
100112527	100112527	1.0
100112527	100121281	0.010651709380818011
100121281	100198255	0.012610228780328516
100121281	100076491	0.009964833470013618
100121281	100087810	0.012941757197846179
100121281	100029775	0.011028808850642901
100121281	10001082	0.012244071941047305
100121281	100135783	0.011834529189584338
100121281	10009860	0.011448441660589084
100121281	10011993	0.008461409700846407
100121281	100068031	0.011969316943190337
100121281	100097524	0.01098029995899911
100121281	100167622	0.011989326057192993
100121281	100112527	0.010651709380818011
100121281	100121281	1.0
